{
 "cells": [
  {
   "cell_type": "markdown",
   "metadata": {},
   "source": [
    "# joining and splitting arrays"
   ]
  },
  {
   "cell_type": "code",
   "execution_count": 1,
   "metadata": {},
   "outputs": [],
   "source": [
    "import numpy as np"
   ]
  },
  {
   "cell_type": "code",
   "execution_count": 3,
   "metadata": {},
   "outputs": [
    {
     "data": {
      "text/plain": [
       "array([[1, 2],\n",
       "       [3, 4]])"
      ]
     },
     "execution_count": 3,
     "metadata": {},
     "output_type": "execute_result"
    }
   ],
   "source": [
    "a = np.array([[1, 2], [3, 4]])\n",
    "b = np.array([[5, 6]])\n",
    "a"
   ]
  },
  {
   "cell_type": "code",
   "execution_count": 4,
   "metadata": {},
   "outputs": [
    {
     "data": {
      "text/plain": [
       "array([[5, 6]])"
      ]
     },
     "execution_count": 4,
     "metadata": {},
     "output_type": "execute_result"
    }
   ],
   "source": [
    "b"
   ]
  },
  {
   "cell_type": "code",
   "execution_count": 5,
   "metadata": {},
   "outputs": [],
   "source": [
    "together = np.concatenate((a, b), axis=0)"
   ]
  },
  {
   "cell_type": "code",
   "execution_count": 6,
   "metadata": {},
   "outputs": [
    {
     "data": {
      "text/plain": [
       "array([[1, 2],\n",
       "       [3, 4],\n",
       "       [5, 6]])"
      ]
     },
     "execution_count": 6,
     "metadata": {},
     "output_type": "execute_result"
    }
   ],
   "source": [
    "together"
   ]
  },
  {
   "cell_type": "code",
   "execution_count": 7,
   "metadata": {},
   "outputs": [
    {
     "data": {
      "text/plain": [
       "(3, 2)"
      ]
     },
     "execution_count": 7,
     "metadata": {},
     "output_type": "execute_result"
    }
   ],
   "source": [
    "together.shape"
   ]
  },
  {
   "cell_type": "code",
   "execution_count": 8,
   "metadata": {},
   "outputs": [],
   "source": [
    "together[1, 1] = 555"
   ]
  },
  {
   "cell_type": "code",
   "execution_count": 9,
   "metadata": {},
   "outputs": [
    {
     "data": {
      "text/plain": [
       "array([[  1,   2],\n",
       "       [  3, 555],\n",
       "       [  5,   6]])"
      ]
     },
     "execution_count": 9,
     "metadata": {},
     "output_type": "execute_result"
    }
   ],
   "source": [
    "together"
   ]
  },
  {
   "cell_type": "code",
   "execution_count": 10,
   "metadata": {},
   "outputs": [
    {
     "data": {
      "text/plain": [
       "array([[1, 2],\n",
       "       [3, 4]])"
      ]
     },
     "execution_count": 10,
     "metadata": {},
     "output_type": "execute_result"
    }
   ],
   "source": [
    "a"
   ]
  },
  {
   "cell_type": "code",
   "execution_count": 12,
   "metadata": {},
   "outputs": [
    {
     "data": {
      "text/plain": [
       "array([[ 8, 11],\n",
       "       [14, 17]])"
      ]
     },
     "execution_count": 12,
     "metadata": {},
     "output_type": "execute_result"
    }
   ],
   "source": [
    "c = np.array([[1, 2], [3 ,4]]) *3 +5\n",
    "c"
   ]
  },
  {
   "cell_type": "code",
   "execution_count": 13,
   "metadata": {},
   "outputs": [
    {
     "data": {
      "text/plain": [
       "array([[ 1,  2,  8, 11],\n",
       "       [ 3,  4, 14, 17]])"
      ]
     },
     "execution_count": 13,
     "metadata": {},
     "output_type": "execute_result"
    }
   ],
   "source": [
    "np.concatenate((a, c), axis=1)"
   ]
  },
  {
   "cell_type": "code",
   "execution_count": 14,
   "metadata": {},
   "outputs": [
    {
     "data": {
      "text/plain": [
       "array([[[ 1.12700650e+00, -1.43698142e-03,  1.86740001e-01,\n",
       "          1.42760769e-03],\n",
       "        [ 1.47708116e+00,  1.30820608e+00, -1.55100360e+00,\n",
       "         -2.74896857e-01],\n",
       "        [-2.19223532e+00,  9.25647866e-01, -1.90293176e+00,\n",
       "         -4.04622888e-01]],\n",
       "\n",
       "       [[-4.23581466e-02,  1.16845502e+00, -1.17888515e+00,\n",
       "         -3.63181702e-01],\n",
       "        [-9.82418688e-01,  3.42446153e-01,  3.05672356e-01,\n",
       "          1.54271949e-01],\n",
       "        [ 6.14982967e-02,  7.45459312e-01, -2.46124822e+00,\n",
       "         -4.43567724e-01]],\n",
       "\n",
       "       [[ 2.52184768e-01,  6.60651196e-01,  5.68112997e-01,\n",
       "         -5.63676980e-01],\n",
       "        [-1.07402099e+00,  3.07918030e-01,  1.31887789e+00,\n",
       "          1.82444596e+00],\n",
       "        [-2.64852194e-01, -1.10946434e+00,  9.94366283e-02,\n",
       "          7.57028650e-01]],\n",
       "\n",
       "       [[-6.61909152e-01,  1.11889623e-01, -1.27370761e+00,\n",
       "          3.92133843e-01],\n",
       "        [ 7.23608936e-01, -8.30169559e-01,  9.32044474e-01,\n",
       "          4.98297024e-01],\n",
       "        [-1.36817957e+00, -5.30357014e-01, -1.55552218e+00,\n",
       "         -2.10925394e-01]],\n",
       "\n",
       "       [[ 2.01906891e+00, -1.80150627e+00,  1.43204592e+00,\n",
       "          3.16373730e-01],\n",
       "        [-1.04895306e+00,  6.99295345e-01, -8.23176495e-01,\n",
       "         -1.41371025e+00],\n",
       "        [-3.29968973e-01,  9.31834315e-01, -1.92830069e-02,\n",
       "         -2.98290447e-01]]])"
      ]
     },
     "execution_count": 14,
     "metadata": {},
     "output_type": "execute_result"
    }
   ],
   "source": [
    "arrays = np.zeros((5, 3, 4))\n",
    "for n in range(5):\n",
    "    arrays[n] = np.random.randn(3, 4)\n",
    "\n",
    "arrays"
   ]
  },
  {
   "cell_type": "code",
   "execution_count": 15,
   "metadata": {},
   "outputs": [],
   "source": [
    "stack0 = np.stack(arrays, axis=0)\n",
    "stack1 = np.stack(arrays, axis=1)\n",
    "stack2 = np.stack(arrays, axis=2)"
   ]
  },
  {
   "cell_type": "code",
   "execution_count": 16,
   "metadata": {},
   "outputs": [
    {
     "data": {
      "text/plain": [
       "array([[[ 1.12700650e+00, -1.43698142e-03,  1.86740001e-01,\n",
       "          1.42760769e-03],\n",
       "        [ 1.47708116e+00,  1.30820608e+00, -1.55100360e+00,\n",
       "         -2.74896857e-01],\n",
       "        [-2.19223532e+00,  9.25647866e-01, -1.90293176e+00,\n",
       "         -4.04622888e-01]],\n",
       "\n",
       "       [[-4.23581466e-02,  1.16845502e+00, -1.17888515e+00,\n",
       "         -3.63181702e-01],\n",
       "        [-9.82418688e-01,  3.42446153e-01,  3.05672356e-01,\n",
       "          1.54271949e-01],\n",
       "        [ 6.14982967e-02,  7.45459312e-01, -2.46124822e+00,\n",
       "         -4.43567724e-01]],\n",
       "\n",
       "       [[ 2.52184768e-01,  6.60651196e-01,  5.68112997e-01,\n",
       "         -5.63676980e-01],\n",
       "        [-1.07402099e+00,  3.07918030e-01,  1.31887789e+00,\n",
       "          1.82444596e+00],\n",
       "        [-2.64852194e-01, -1.10946434e+00,  9.94366283e-02,\n",
       "          7.57028650e-01]],\n",
       "\n",
       "       [[-6.61909152e-01,  1.11889623e-01, -1.27370761e+00,\n",
       "          3.92133843e-01],\n",
       "        [ 7.23608936e-01, -8.30169559e-01,  9.32044474e-01,\n",
       "          4.98297024e-01],\n",
       "        [-1.36817957e+00, -5.30357014e-01, -1.55552218e+00,\n",
       "         -2.10925394e-01]],\n",
       "\n",
       "       [[ 2.01906891e+00, -1.80150627e+00,  1.43204592e+00,\n",
       "          3.16373730e-01],\n",
       "        [-1.04895306e+00,  6.99295345e-01, -8.23176495e-01,\n",
       "         -1.41371025e+00],\n",
       "        [-3.29968973e-01,  9.31834315e-01, -1.92830069e-02,\n",
       "         -2.98290447e-01]]])"
      ]
     },
     "execution_count": 16,
     "metadata": {},
     "output_type": "execute_result"
    }
   ],
   "source": [
    "stack0"
   ]
  },
  {
   "cell_type": "code",
   "execution_count": 17,
   "metadata": {},
   "outputs": [
    {
     "data": {
      "text/plain": [
       "array([[[ 1.12700650e+00, -1.43698142e-03,  1.86740001e-01,\n",
       "          1.42760769e-03],\n",
       "        [-4.23581466e-02,  1.16845502e+00, -1.17888515e+00,\n",
       "         -3.63181702e-01],\n",
       "        [ 2.52184768e-01,  6.60651196e-01,  5.68112997e-01,\n",
       "         -5.63676980e-01],\n",
       "        [-6.61909152e-01,  1.11889623e-01, -1.27370761e+00,\n",
       "          3.92133843e-01],\n",
       "        [ 2.01906891e+00, -1.80150627e+00,  1.43204592e+00,\n",
       "          3.16373730e-01]],\n",
       "\n",
       "       [[ 1.47708116e+00,  1.30820608e+00, -1.55100360e+00,\n",
       "         -2.74896857e-01],\n",
       "        [-9.82418688e-01,  3.42446153e-01,  3.05672356e-01,\n",
       "          1.54271949e-01],\n",
       "        [-1.07402099e+00,  3.07918030e-01,  1.31887789e+00,\n",
       "          1.82444596e+00],\n",
       "        [ 7.23608936e-01, -8.30169559e-01,  9.32044474e-01,\n",
       "          4.98297024e-01],\n",
       "        [-1.04895306e+00,  6.99295345e-01, -8.23176495e-01,\n",
       "         -1.41371025e+00]],\n",
       "\n",
       "       [[-2.19223532e+00,  9.25647866e-01, -1.90293176e+00,\n",
       "         -4.04622888e-01],\n",
       "        [ 6.14982967e-02,  7.45459312e-01, -2.46124822e+00,\n",
       "         -4.43567724e-01],\n",
       "        [-2.64852194e-01, -1.10946434e+00,  9.94366283e-02,\n",
       "          7.57028650e-01],\n",
       "        [-1.36817957e+00, -5.30357014e-01, -1.55552218e+00,\n",
       "         -2.10925394e-01],\n",
       "        [-3.29968973e-01,  9.31834315e-01, -1.92830069e-02,\n",
       "         -2.98290447e-01]]])"
      ]
     },
     "execution_count": 17,
     "metadata": {},
     "output_type": "execute_result"
    }
   ],
   "source": [
    "stack1"
   ]
  },
  {
   "cell_type": "code",
   "execution_count": 18,
   "metadata": {},
   "outputs": [
    {
     "data": {
      "text/plain": [
       "array([[[ 1.12700650e+00, -4.23581466e-02,  2.52184768e-01,\n",
       "         -6.61909152e-01,  2.01906891e+00],\n",
       "        [-1.43698142e-03,  1.16845502e+00,  6.60651196e-01,\n",
       "          1.11889623e-01, -1.80150627e+00],\n",
       "        [ 1.86740001e-01, -1.17888515e+00,  5.68112997e-01,\n",
       "         -1.27370761e+00,  1.43204592e+00],\n",
       "        [ 1.42760769e-03, -3.63181702e-01, -5.63676980e-01,\n",
       "          3.92133843e-01,  3.16373730e-01]],\n",
       "\n",
       "       [[ 1.47708116e+00, -9.82418688e-01, -1.07402099e+00,\n",
       "          7.23608936e-01, -1.04895306e+00],\n",
       "        [ 1.30820608e+00,  3.42446153e-01,  3.07918030e-01,\n",
       "         -8.30169559e-01,  6.99295345e-01],\n",
       "        [-1.55100360e+00,  3.05672356e-01,  1.31887789e+00,\n",
       "          9.32044474e-01, -8.23176495e-01],\n",
       "        [-2.74896857e-01,  1.54271949e-01,  1.82444596e+00,\n",
       "          4.98297024e-01, -1.41371025e+00]],\n",
       "\n",
       "       [[-2.19223532e+00,  6.14982967e-02, -2.64852194e-01,\n",
       "         -1.36817957e+00, -3.29968973e-01],\n",
       "        [ 9.25647866e-01,  7.45459312e-01, -1.10946434e+00,\n",
       "         -5.30357014e-01,  9.31834315e-01],\n",
       "        [-1.90293176e+00, -2.46124822e+00,  9.94366283e-02,\n",
       "         -1.55552218e+00, -1.92830069e-02],\n",
       "        [-4.04622888e-01, -4.43567724e-01,  7.57028650e-01,\n",
       "         -2.10925394e-01, -2.98290447e-01]]])"
      ]
     },
     "execution_count": 18,
     "metadata": {},
     "output_type": "execute_result"
    }
   ],
   "source": [
    "stack2"
   ]
  },
  {
   "cell_type": "code",
   "execution_count": 20,
   "metadata": {},
   "outputs": [
    {
     "name": "stdout",
     "output_type": "stream",
     "text": [
      "(5, 3, 4) (5, 3, 4) (3, 5, 4) (3, 4, 5)\n"
     ]
    }
   ],
   "source": [
    "print(arrays.shape, stack0.shape, stack1.shape, stack2.shape)"
   ]
  },
  {
   "cell_type": "code",
   "execution_count": 23,
   "metadata": {},
   "outputs": [
    {
     "data": {
      "text/plain": [
       "array([0, 1, 2, 3, 4])"
      ]
     },
     "execution_count": 23,
     "metadata": {},
     "output_type": "execute_result"
    }
   ],
   "source": [
    "temp = np.arange(5)\n",
    "temp"
   ]
  },
  {
   "cell_type": "code",
   "execution_count": 26,
   "metadata": {},
   "outputs": [
    {
     "data": {
      "text/plain": [
       "[array([0, 1, 2, 3, 4])]"
      ]
     },
     "execution_count": 26,
     "metadata": {},
     "output_type": "execute_result"
    }
   ],
   "source": [
    "np.split(temp, 1)"
   ]
  },
  {
   "cell_type": "code",
   "execution_count": 27,
   "metadata": {},
   "outputs": [
    {
     "data": {
      "text/plain": [
       "(5, 3, 4)"
      ]
     },
     "execution_count": 27,
     "metadata": {},
     "output_type": "execute_result"
    }
   ],
   "source": [
    "before_split = stack0\n",
    "before_split.shape"
   ]
  },
  {
   "cell_type": "code",
   "execution_count": 32,
   "metadata": {},
   "outputs": [
    {
     "data": {
      "text/plain": [
       "[array([[[ 1.12700650e+00, -1.43698142e-03,  1.86740001e-01,\n",
       "           1.42760769e-03],\n",
       "         [ 1.47708116e+00,  1.30820608e+00, -1.55100360e+00,\n",
       "          -2.74896857e-01],\n",
       "         [-2.19223532e+00,  9.25647866e-01, -1.90293176e+00,\n",
       "          -4.04622888e-01]]]),\n",
       " array([[[-0.04235815,  1.16845502, -1.17888515, -0.3631817 ],\n",
       "         [-0.98241869,  0.34244615,  0.30567236,  0.15427195],\n",
       "         [ 0.0614983 ,  0.74545931, -2.46124822, -0.44356772]]]),\n",
       " array([[[ 0.25218477,  0.6606512 ,  0.568113  , -0.56367698],\n",
       "         [-1.07402099,  0.30791803,  1.31887789,  1.82444596],\n",
       "         [-0.26485219, -1.10946434,  0.09943663,  0.75702865]]]),\n",
       " array([[[-0.66190915,  0.11188962, -1.27370761,  0.39213384],\n",
       "         [ 0.72360894, -0.83016956,  0.93204447,  0.49829702],\n",
       "         [-1.36817957, -0.53035701, -1.55552218, -0.21092539]]]),\n",
       " array([[[ 2.01906891, -1.80150627,  1.43204592,  0.31637373],\n",
       "         [-1.04895306,  0.69929534, -0.8231765 , -1.41371025],\n",
       "         [-0.32996897,  0.93183431, -0.01928301, -0.29829045]]])]"
      ]
     },
     "execution_count": 32,
     "metadata": {},
     "output_type": "execute_result"
    }
   ],
   "source": [
    "s0 = np.split(before_split, 5, axis=0)\n",
    "s0"
   ]
  },
  {
   "cell_type": "code",
   "execution_count": 33,
   "metadata": {},
   "outputs": [
    {
     "data": {
      "text/plain": [
       "list"
      ]
     },
     "execution_count": 33,
     "metadata": {},
     "output_type": "execute_result"
    }
   ],
   "source": [
    "type(s0)"
   ]
  },
  {
   "cell_type": "code",
   "execution_count": 34,
   "metadata": {},
   "outputs": [
    {
     "data": {
      "text/plain": [
       "array([[[-0.04235815,  1.16845502, -1.17888515, -0.3631817 ],\n",
       "        [-0.98241869,  0.34244615,  0.30567236,  0.15427195],\n",
       "        [ 0.0614983 ,  0.74545931, -2.46124822, -0.44356772]]])"
      ]
     },
     "execution_count": 34,
     "metadata": {},
     "output_type": "execute_result"
    }
   ],
   "source": [
    "s0[1]"
   ]
  },
  {
   "cell_type": "code",
   "execution_count": 36,
   "metadata": {},
   "outputs": [
    {
     "data": {
      "text/plain": [
       "(1, 3, 4)"
      ]
     },
     "execution_count": 36,
     "metadata": {},
     "output_type": "execute_result"
    }
   ],
   "source": [
    "s0[1].shape"
   ]
  },
  {
   "cell_type": "code",
   "execution_count": 37,
   "metadata": {},
   "outputs": [
    {
     "data": {
      "text/plain": [
       "[array([[[ 1.12700650e+00, -1.43698142e-03,  1.86740001e-01,\n",
       "           1.42760769e-03]],\n",
       " \n",
       "        [[-4.23581466e-02,  1.16845502e+00, -1.17888515e+00,\n",
       "          -3.63181702e-01]],\n",
       " \n",
       "        [[ 2.52184768e-01,  6.60651196e-01,  5.68112997e-01,\n",
       "          -5.63676980e-01]],\n",
       " \n",
       "        [[-6.61909152e-01,  1.11889623e-01, -1.27370761e+00,\n",
       "           3.92133843e-01]],\n",
       " \n",
       "        [[ 2.01906891e+00, -1.80150627e+00,  1.43204592e+00,\n",
       "           3.16373730e-01]]]),\n",
       " array([[[ 1.47708116,  1.30820608, -1.5510036 , -0.27489686]],\n",
       " \n",
       "        [[-0.98241869,  0.34244615,  0.30567236,  0.15427195]],\n",
       " \n",
       "        [[-1.07402099,  0.30791803,  1.31887789,  1.82444596]],\n",
       " \n",
       "        [[ 0.72360894, -0.83016956,  0.93204447,  0.49829702]],\n",
       " \n",
       "        [[-1.04895306,  0.69929534, -0.8231765 , -1.41371025]]]),\n",
       " array([[[-2.19223532,  0.92564787, -1.90293176, -0.40462289]],\n",
       " \n",
       "        [[ 0.0614983 ,  0.74545931, -2.46124822, -0.44356772]],\n",
       " \n",
       "        [[-0.26485219, -1.10946434,  0.09943663,  0.75702865]],\n",
       " \n",
       "        [[-1.36817957, -0.53035701, -1.55552218, -0.21092539]],\n",
       " \n",
       "        [[-0.32996897,  0.93183431, -0.01928301, -0.29829045]]])]"
      ]
     },
     "execution_count": 37,
     "metadata": {},
     "output_type": "execute_result"
    }
   ],
   "source": [
    "s1 = np.split(before_split, 3, axis=1)\n",
    "s1"
   ]
  },
  {
   "cell_type": "code",
   "execution_count": 43,
   "metadata": {},
   "outputs": [
    {
     "data": {
      "text/plain": [
       "[array([[[ 1.1270065 ],\n",
       "         [ 1.47708116],\n",
       "         [-2.19223532]],\n",
       " \n",
       "        [[-0.04235815],\n",
       "         [-0.98241869],\n",
       "         [ 0.0614983 ]],\n",
       " \n",
       "        [[ 0.25218477],\n",
       "         [-1.07402099],\n",
       "         [-0.26485219]],\n",
       " \n",
       "        [[-0.66190915],\n",
       "         [ 0.72360894],\n",
       "         [-1.36817957]],\n",
       " \n",
       "        [[ 2.01906891],\n",
       "         [-1.04895306],\n",
       "         [-0.32996897]]]),\n",
       " array([[[-1.43698142e-03],\n",
       "         [ 1.30820608e+00],\n",
       "         [ 9.25647866e-01]],\n",
       " \n",
       "        [[ 1.16845502e+00],\n",
       "         [ 3.42446153e-01],\n",
       "         [ 7.45459312e-01]],\n",
       " \n",
       "        [[ 6.60651196e-01],\n",
       "         [ 3.07918030e-01],\n",
       "         [-1.10946434e+00]],\n",
       " \n",
       "        [[ 1.11889623e-01],\n",
       "         [-8.30169559e-01],\n",
       "         [-5.30357014e-01]],\n",
       " \n",
       "        [[-1.80150627e+00],\n",
       "         [ 6.99295345e-01],\n",
       "         [ 9.31834315e-01]]]),\n",
       " array([[[ 0.18674   ],\n",
       "         [-1.5510036 ],\n",
       "         [-1.90293176]],\n",
       " \n",
       "        [[-1.17888515],\n",
       "         [ 0.30567236],\n",
       "         [-2.46124822]],\n",
       " \n",
       "        [[ 0.568113  ],\n",
       "         [ 1.31887789],\n",
       "         [ 0.09943663]],\n",
       " \n",
       "        [[-1.27370761],\n",
       "         [ 0.93204447],\n",
       "         [-1.55552218]],\n",
       " \n",
       "        [[ 1.43204592],\n",
       "         [-0.8231765 ],\n",
       "         [-0.01928301]]]),\n",
       " array([[[ 1.42760769e-03],\n",
       "         [-2.74896857e-01],\n",
       "         [-4.04622888e-01]],\n",
       " \n",
       "        [[-3.63181702e-01],\n",
       "         [ 1.54271949e-01],\n",
       "         [-4.43567724e-01]],\n",
       " \n",
       "        [[-5.63676980e-01],\n",
       "         [ 1.82444596e+00],\n",
       "         [ 7.57028650e-01]],\n",
       " \n",
       "        [[ 3.92133843e-01],\n",
       "         [ 4.98297024e-01],\n",
       "         [-2.10925394e-01]],\n",
       " \n",
       "        [[ 3.16373730e-01],\n",
       "         [-1.41371025e+00],\n",
       "         [-2.98290447e-01]]])]"
      ]
     },
     "execution_count": 43,
     "metadata": {},
     "output_type": "execute_result"
    }
   ],
   "source": [
    "s2 = np.split(before_split, 4, axis=2)\n",
    "s2"
   ]
  }
 ],
 "metadata": {
  "interpreter": {
   "hash": "916dbcbb3f70747c44a77c7bcd40155683ae19c65e1c03b4aa3499c5328201f1"
  },
  "kernelspec": {
   "display_name": "Python 3.8.10 64-bit",
   "language": "python",
   "name": "python3"
  },
  "language_info": {
   "codemirror_mode": {
    "name": "ipython",
    "version": 3
   },
   "file_extension": ".py",
   "mimetype": "text/x-python",
   "name": "python",
   "nbconvert_exporter": "python",
   "pygments_lexer": "ipython3",
   "version": "3.8.10"
  },
  "orig_nbformat": 4
 },
 "nbformat": 4,
 "nbformat_minor": 2
}
